batch_size,128
dataset,Books
dataset_path,/home/temp_user/wudongqi/Archive/TPUF/data/v1/branch/v1.3/data/cross_data/
device,cuda
dropout_rate,0.5
gpu,3
hidden_units,50
inference_only,False
l2_emb,0.001
lr,0.001
maxlen,100
model,SASRec
num_blocks,2
num_epochs,500
num_heads,1
state_dict_path,./Amazon_book_TPUF_AdamW/TPUF.dataset=Amazon_book.epoch=400.lr=0.001.hidden=32.maxlen=50.l2=0.5.loss_w0.8.combine_w0.5_HR_0.2113.pth
epoch=20, (0.1600329398847104, 0.07772742768808016) (0.15664745173391892, 0.0757591827568419)
epoch=40, (0.180162869429957, 0.08822163574866433) (0.1832738585414951, 0.08893087587366866)
epoch=60, (0.19663281178515876, 0.09877482157371217) (0.19626681306615426, 0.09712062258280697)
epoch=80, (0.2025802909689816, 0.10361675911523599) (0.20001829993595022, 0.10213374913079064)
epoch=100, (0.2109067618263336, 0.11060055598403094) (0.20980876566932016, 0.10782201203642941)
epoch=120, (0.210449263427578, 0.11028644786982211) (0.20944276695031566, 0.1062999513714756)
epoch=140, (0.22316771891298381, 0.11758727208396677) (0.21511574709488518, 0.11263612873248027)
epoch=160, (0.22325921859273493, 0.11904710142853082) (0.21484124805563182, 0.1128825083793445)
epoch=180, (0.2274682038612865, 0.12250384161430578) (0.22545521090676182, 0.11846134840248608)
epoch=200, (0.2297556958550645, 0.12518083060705484) (0.22691920578277977, 0.12140798606017436)
epoch=220, (0.23524567664013177, 0.12764769508423812) (0.23204318784884254, 0.1244936516866294)
epoch=240, (0.23277518528685148, 0.12540990224817736) (0.2288406990575533, 0.12340609821613033)
epoch=260, (0.23826516607191875, 0.13096635323334518) (0.22810870161954433, 0.12384008708979123)
epoch=280, (0.23131119041083356, 0.12794646896025513) (0.22810870161954433, 0.12262865551739616)
epoch=300, (0.2379906670326654, 0.13036453637439807) (0.23423918016286943, 0.12575368246380167)
epoch=320, (0.24238265166071918, 0.13514603062433383) (0.23652667215664744, 0.1308753390479823)
epoch=340, (0.243755146856986, 0.1347180628301896) (0.23524567664013177, 0.12959340106808018)
epoch=360, (0.2546436087473694, 0.14161019779063153) (0.24274865037972368, 0.13307914467996426)
epoch=380, (0.24997712508006223, 0.13977842614057787) (0.23918016286942995, 0.13355791005353437)
epoch=400, (0.2512581205965779, 0.1387770590824309) (0.23872266447067436, 0.13356652719801757)
epoch=420, (0.25043462347881784, 0.13845287813581278) (0.2393631622289322, 0.13240218636246423)
epoch=440, (0.2537286119498582, 0.1413511528979707) (0.2429316497392259, 0.1332140177998276)
epoch=460, (0.24887912892304878, 0.1391066608157013) (0.23423918016286943, 0.12873598952176385)
epoch=480, (0.25418611034861377, 0.14336956525583433) (0.2429316497392259, 0.13628663434400043)
epoch=500, (0.2530881141916003, 0.14209435478401575) (0.23963766126818556, 0.13293166290065234)
