batch_size,128
dataset,Books
dataset_path,/home/temp_user/wudongqi/Archive/TPUF/data/v1/branch/v1.1/data/cross_data/
device,cuda
dropout_rate,0.5
gpu,2
hidden_units,50
inference_only,False
l2_emb,0.0
lr,0.001
maxlen,100
model,SASRec
num_blocks,2
num_epochs,500
num_heads,1
state_dict_path,./Amazon_book_TPUF_AdamW/TPUF.dataset=Amazon_book.epoch=400.lr=0.001.hidden=32.maxlen=50.l2=0.5.loss_w0.8.combine_w0.5_HR_0.2113.pth
epoch=20, (0.163509927715253, 0.07770843758126146) (0.16058193796321713, 0.07611570233093609)
epoch=40, (0.1890383383658157, 0.09287044374516364) (0.18574434989477537, 0.09021034184644597)
epoch=60, (0.19681581114466098, 0.09864646710945074) (0.19562631530789643, 0.09968571250531341)
epoch=80, (0.2047762832830085, 0.10544088778489832) (0.20056729801445694, 0.10305035898490987)
epoch=100, (0.21191325830359595, 0.10952234070679115) (0.20834477079330221, 0.10834103674165382)
epoch=120, (0.21685424101015646, 0.11266515632038361) (0.20550828072101748, 0.10760489346905659)
epoch=140, (0.22609570866501968, 0.11739274334753703) (0.21319425382011162, 0.11261510842940062)
epoch=160, (0.22243572147497484, 0.11826744499290387) (0.21365175221886723, 0.11084531820485669)
epoch=180, (0.22518071186750846, 0.11824034175309829) (0.21054076310732914, 0.11154429896201055)
epoch=200, (0.23213468752859365, 0.12408079356265247) (0.22325921859273493, 0.11948575391062136)
epoch=220, (0.23314118400585598, 0.12499454804353502) (0.22234422179522373, 0.11891681625053933)
epoch=240, (0.23533717631988288, 0.12626301090022646) (0.22454021410925062, 0.12146978113873402)
epoch=260, (0.23515417696038063, 0.12790386017350247) (0.2227102205142282, 0.1200879793367401)
epoch=280, (0.2372586695946564, 0.12878105279806618) (0.22765120322078872, 0.12295445994903265)
epoch=300, (0.24622563821026627, 0.1343267696905756) (0.23533717631988288, 0.12783765361882046)
epoch=320, (0.23872266447067436, 0.1307490752941048) (0.22545521090676182, 0.12347902076173098)
epoch=340, (0.24165065422271023, 0.13204132236115368) (0.23131119041083356, 0.12573533152101316)
epoch=360, (0.24439564461524385, 0.13603348144700825) (0.23597767407814071, 0.12887760010842025)
epoch=380, (0.24833013084454206, 0.13715092825042854) (0.23286668496660262, 0.1266494256743392)
epoch=400, (0.24805563180528867, 0.1384651737732112) (0.23176868880958917, 0.12836396120899554)
epoch=420, (0.24384664653673713, 0.13594977972987) (0.23423918016286943, 0.12987880315913752)
epoch=440, (0.2516241193155824, 0.14014631211314285) (0.23771616799341203, 0.13204963333425782)
epoch=460, (0.25061762283832006, 0.1417710148020682) (0.23442217952237168, 0.13075132737534875)
epoch=480, (0.25244761643334246, 0.14254323379154307) (0.23524567664013177, 0.13025886198283856)
epoch=500, (0.25482660810687163, 0.14419392904928438) (0.24183365358221245, 0.1346837475401839)
