batch_size,128
dataset,CDs_and_Vinyl
dataset_path,/home/temp_user/wudongqi/Archive/TPUF/data/v1/branch/v1.2/data/cross_data/
device,cuda
dropout_rate,0.5
gpu,3
hidden_units,50
inference_only,False
l2_emb,0.001
lr,0.001
maxlen,100
model,SASRec
num_blocks,2
num_epochs,500
num_heads,1
state_dict_path,./Amazon_book_TPUF_AdamW/TPUF.dataset=Amazon_book.epoch=400.lr=0.001.hidden=32.maxlen=50.l2=0.5.loss_w0.8.combine_w0.5_HR_0.2113.pth
epoch=20, (0.1719278982523561, 0.08143653576863384) (0.168816909140818, 0.08346159837990867)
epoch=40, (0.2142922499771251, 0.1101623990741323) (0.21337725317961387, 0.11017003054011423)
epoch=60, (0.2441211455759905, 0.13096603776504154) (0.24229115198096807, 0.12971166007867413)
epoch=80, (0.2622380821667124, 0.142059164511877) (0.2614145850489523, 0.142931738243858)
epoch=100, (0.28209351267270566, 0.15447300464801744) (0.2796230213194254, 0.15477587498836076)
epoch=120, (0.28950498673254643, 0.1609571673662722) (0.2902369841705554, 0.16298296620879804)
epoch=140, (0.2902369841705554, 0.16059603453751156) (0.2879494921767774, 0.16191420855850747)
epoch=160, (0.3003934486229298, 0.16908045366296906) (0.2942629700796047, 0.16811049952289953)
epoch=180, (0.30624942812700157, 0.17586317706625532) (0.3029554396559612, 0.17278620226106373)
epoch=200, (0.307347424284015, 0.17728724813484964) (0.30963491627779305, 0.17659436749731844)
epoch=220, (0.3111904108335621, 0.17775323964000428) (0.3113734101930643, 0.1799092896674795)
epoch=240, (0.31228840699057553, 0.1808415867757679) (0.3153078964223625, 0.18122728306242797)
epoch=260, (0.3135694025070912, 0.18259937737813733) (0.318693384573154, 0.18385693144538717)
epoch=280, (0.3191508829719096, 0.1851453390477955) (0.3173208893768872, 0.1857310322099273)
epoch=300, (0.3218958733644432, 0.18580293971816353) (0.3221703724036966, 0.18848124644077727)
epoch=320, (0.32811785158751944, 0.19285794475427792) (0.3244578643974746, 0.19085348111489484)
epoch=340, (0.3230853692012078, 0.1892594338351956) (0.3210723762466831, 0.18930823970736468)
epoch=360, (0.3279348522280172, 0.19336671363005084) (0.3305883429407997, 0.19236013870257104)
epoch=380, (0.3295818464635374, 0.19578697626672045) (0.3251898618354836, 0.19042769645467308)
epoch=400, (0.3304968432610486, 0.19332585988589548) (0.3304968432610486, 0.19433042095632047)
epoch=420, (0.3340653307713423, 0.19712732555548942) (0.328575349986275, 0.1939995639976427)
epoch=440, (0.33461432884984904, 0.1974490777725548) (0.3363528227651203, 0.19703836912178455)
epoch=460, (0.33662732180437366, 0.1994618197925252) (0.3333333333333333, 0.19665102559229652)
epoch=480, (0.33342483301308445, 0.19815332866857138) (0.33287583493457773, 0.1951647678786082)
epoch=500, (0.33717631988288044, 0.20169920111200107) (0.33909781315765397, 0.20005086356922835)
