batch_size,128
dataset,Movies_and_TV
dataset_path,/home/temp_user/wudongqi/Archive/TPUF/data/v1/branch/v1.1/data/cross_data/
device,cuda
dropout_rate,0.5
gpu,3
hidden_units,50
inference_only,False
l2_emb,0.001
lr,0.001
maxlen,100
model,SASRec
num_blocks,2
num_epochs,500
num_heads,1
state_dict_path,./Amazon_book_TPUF_AdamW/TPUF.dataset=Amazon_book.epoch=400.lr=0.001.hidden=32.maxlen=50.l2=0.5.loss_w0.8.combine_w0.5_HR_0.2113.pth
epoch=20, (0.20624027815902643, 0.10153687795239173) (0.20413578552475067, 0.10336190212301496)
epoch=40, (0.2505261231585689, 0.1293263450947581) (0.24219965230121696, 0.12621464015076808)
epoch=60, (0.26891755878854423, 0.14494967767788192) (0.26187208344770796, 0.14015656256464448)
epoch=80, (0.27934852228017204, 0.15136436418703775) (0.26946655686705095, 0.14648362993964412)
epoch=100, (0.2836490072284747, 0.15805983472656793) (0.2756885350901272, 0.15274325756995513)
epoch=120, (0.2932564736023424, 0.1633787209242078) (0.28154451459419894, 0.1547948734430939)
epoch=140, (0.293713972001098, 0.16383799551763883) (0.2832830085094702, 0.15933290651285256)
epoch=160, (0.2954524659163693, 0.1679365321196801) (0.29179247872632447, 0.16360707678032832)
epoch=180, (0.3037789367737213, 0.17188259978286094) (0.29737395919114284, 0.16757699312862603)
epoch=200, (0.3029554396559612, 0.17342324887058982) (0.2927074755238357, 0.16682413920341768)
epoch=220, (0.3054259310092415, 0.1737987819297708) (0.29783145758989843, 0.16954485974473082)
epoch=240, (0.3151248970628603, 0.17921170969131167) (0.30496843261048584, 0.17598545361233547)
epoch=260, (0.31228840699057553, 0.17652848283508055) (0.3061579284472504, 0.17526655776894964)
epoch=280, (0.31722938969713604, 0.1815167389019906) (0.3087199194802818, 0.1750963413140232)
epoch=300, (0.31896788361240735, 0.1810243320657962) (0.3051514319699881, 0.1743620112861038)
epoch=320, (0.3218043736846921, 0.1848451886058949) (0.3108244121145576, 0.17996900305610308)
epoch=340, (0.32335986824046115, 0.186183043510949) (0.31228840699057553, 0.17962518268053643)
epoch=360, (0.3236343672797145, 0.18602004693543692) (0.3093604172385397, 0.1778784416220572)
epoch=380, (0.32390886631896787, 0.1848417528194858) (0.3091774178790374, 0.1791788890637689)
epoch=400, (0.32335986824046115, 0.18585707970776869) (0.31677189129838046, 0.18203589402113385)
epoch=420, (0.32418336535822123, 0.1857454833742055) (0.31585689450086923, 0.1819691900902662)
epoch=440, (0.3280263519077683, 0.18818534462730607) (0.31109891115381094, 0.18094584536016747)
epoch=460, (0.32912434806478175, 0.19002251461767306) (0.31851038521365177, 0.1835726455147896)
epoch=480, (0.3251898618354836, 0.19004957913008755) (0.31640589257937596, 0.1846958216127692)
epoch=500, (0.31942538201116294, 0.18424247762754611) (0.3060664287674993, 0.17604653610620152)
