batch_size,128
dataset,Movies_and_TV
dataset_path,/home/temp_user/wudongqi/Archive/TPUF/data/v1/branch/v1.3/data/cross_data/
device,cuda
dropout_rate,0.5
gpu,2
hidden_units,50
inference_only,False
l2_emb,0.0
lr,0.001
maxlen,100
model,SASRec
num_blocks,2
num_epochs,500
num_heads,1
state_dict_path,./Amazon_book_TPUF_AdamW/TPUF.dataset=Amazon_book.epoch=400.lr=0.001.hidden=32.maxlen=50.l2=0.5.loss_w0.8.combine_w0.5_HR_0.2113.pth
epoch=20, (0.20880226919205783, 0.10518626408687402) (0.20587427944002196, 0.10394419238733632)
epoch=40, (0.24576813981151066, 0.127097809020634) (0.23753316863390977, 0.12268887952602918)
epoch=60, (0.27120505078232227, 0.14482527992784475) (0.26315307896422363, 0.13822970357899156)
epoch=80, (0.27797602708390523, 0.15021735028076771) (0.268002561991033, 0.1467193908603992)
epoch=100, (0.28547900082349714, 0.15740105829856688) (0.27468203861286483, 0.1504814998337735)
epoch=120, (0.2964589623936316, 0.1650229567179652) (0.28154451459419894, 0.1580058483888233)
epoch=140, (0.30277244029645894, 0.1685887664570139) (0.29051148320980874, 0.16323765234742885)
epoch=160, (0.30268094061670786, 0.1711504407242153) (0.2928904748833379, 0.16797530457723528)
epoch=180, (0.3006679476621832, 0.16912064868404178) (0.28987098545155093, 0.16379746913274995)
epoch=200, (0.3003934486229298, 0.170600039118322) (0.2894134870527953, 0.1667079210842625)
epoch=220, (0.3131119041083356, 0.17652551614011575) (0.30048494830268097, 0.17189613290740952)
epoch=240, (0.3083539207612773, 0.1740219061298694) (0.2976484582303962, 0.16770190748349578)
epoch=260, (0.3144843993046024, 0.17753556823580544) (0.3061579284472504, 0.17584216237636577)
epoch=280, (0.31457589898435356, 0.18044697186775122) (0.3022234422179522, 0.17459141821939944)
epoch=300, (0.3134779028273401, 0.17714730890652847) (0.3028639399762101, 0.1723282249779896)
epoch=320, (0.32198737304419434, 0.1836392844091732) (0.30789642236252174, 0.17640490027176797)
epoch=340, (0.3188763839326562, 0.18155913590908573) (0.3029554396559612, 0.1744612490252873)
epoch=360, (0.320248879128923, 0.18261416560806323) (0.3086284198005307, 0.1778170256341236)
epoch=380, (0.3178698874553939, 0.18389532666806196) (0.306615426846006, 0.17655319819052112)
epoch=400, (0.32271937048220334, 0.18658082332279816) (0.31183090859181994, 0.18022760865187934)
epoch=420, (0.3188763839326562, 0.18197766806928392) (0.30414493549272575, 0.1749736766877621)
epoch=440, (0.32162137432518983, 0.18415399506158728) (0.3095434165980419, 0.17759552140666574)
epoch=460, (0.31814438649464727, 0.1838736769650643) (0.3085369201207796, 0.17848755766212887)
epoch=480, (0.32692835575075485, 0.18889839291676766) (0.31027541403605086, 0.18183926208443757)
epoch=500, (0.32235337176319884, 0.18650983605274019) (0.31237990667032667, 0.18229410816001723)
